[0m           [38;2;86;152;74m▄[7m[38;2;56;91;33m▝[0m              [7m[38;2;56;85;26m▊[0m[38;2;106;161;50m▄[0m           [0m
         [38;2;83;147;73m▄[38;2;82;146;72;48;2;93;164;80m▍[38;2;94;165;81;48;2;95;166;81m▄[38;2;83;140;62;48;2;65;101;31m▎[0m[7m[38;2;62;96;29m▝[0m[38;2;37;58;17m▖            [7m[38;2;69;105;32m▊[0m[38;2;116;176;56;48;2;118;178;56m▄[48;2;107;162;50m▃[0m[38;2;102;155;49m▄[0m         [0m
       [38;2;79;143;71m▄[38;2;92;164;80;48;2;84;150;74m┿[48;2;93;166;81m▅[48;2;94;165;81m▆[48;2;93;165;81m▅[38;2;81;140;61;48;2;64;101;32m▎[38;2;63;99;31;48;2;64;100;31m▃[38;2;48;75;22;48;2;63;99;30m▝[0m[38;2;56;87;27m▖           [7m[38;2;66;102;32m▊[0m[38;2;113;173;56;48;2;114;175;56m▅▅▅[38;2;112;173;56;48;2;102;156;50m▃[0m[38;2;97;149;47m▄[0m       [0m
     [38;2;0;69;100m▄[38;2;87;158;78;48;2;24;93;90m▝[38;2;79;150;80;48;2;89;161;78m▁[38;2;90;161;78;48;2;91;163;79m▅▅▅▅[38;2;79;137;60;48;2;62;100;32m▎[38;2;61;98;31;48;2;63;98;31m▄▄[48;2;61;96;30m▅[0m[7m[38;2;45;72;22m▝[0m          [7m[38;2;63;100;31m▊[0m[38;2;108;170;55;48;2;110;171;56m▃▃▃▃▃[48;2;98;152;49m▃[0m[38;2;93;145;46m▄[0m     [0m
    [38;2;0;78;115;48;2;0;69;101m▄[38;2;0;80;117;48;2;0;80;118m▝[38;2;0;74;109;48;2;0;79;116m▝[38;2;71;143;82;48;2;9;83;105m▝[38;2;56;127;87;48;2;88;159;78m▖[38;2;88;158;78;48;2;89;160;78m▃▃▃[38;2;78;136;60;48;2;62;100;33m▎[38;2;61;98;32;48;2;62;98;31m▅▅▅▅[0m[7m[38;2;56;91;29m▝[0m         [7m[38;2;61;97;31m▊[0m[38;2;105;166;54;48;2;107;168;55m▃▃▃▃▃▃[38;2;105;167;54;48;2;107;168;54m▄[38;2;76;120;38;48;2;104;165;53m▝[0m[38;2;44;70;22m▍   [0m
   [7m[38;2;0;40;59m▊[0m[38;2;0;75;112;48;2;0;77;115m┈[38;2;0;78;117;48;2;0;80;118m▆▆[38;2;0;76;113;48;2;0;78;116m▝[38;2;38;110;92;48;2;1;75;110m▝[38;2;22;93;97;48;2;80;150;79m▖[38;2;85;156;77;48;2;87;158;78m▅[38;2;85;156;78m▅[38;2;75;134;60;48;2;59;99;33m▎[38;2;59;97;32;48;2;60;97;32m▅▅▅▅▅[38;2;39;63;20;48;2;58;96;31m▝[0m[38;2;48;78;25m▖       [7m[38;2;59;95;30m▊[0m[38;2;102;164;55;48;2;104;165;54m▅[38;2;102;164;54m▅[48;2;104;166;54m▆▆▆▆▆[38;2;103;165;54;48;2;101;162;53m▘[0m[38;2;63;100;32m▍   [0m
   [7m[38;2;0;38;59m▊[0m[38;2;0;73;112;48;2;0;75;114m┈[38;2;0;76;117;48;2;0;77;117m▄▄▄[48;2;0;76;116m▄[38;2;0;74;113;48;2;6;78;104m▅[38;2;3;73;105;48;2;60;131;83m▖[38;2;80;152;77;48;2;83;155;77m▄[38;2;73;132;60;48;2;58;98;33m▎[38;2;58;96;32;48;2;59;97;33m▅▅▅▅▅▅[48;2;56;93;31m┻[0m[38;2;45;75;24m▄[0m      [7m[38;2;56;93;30m▊[0m[38;2;98;160;54;48;2;100;162;54m▄▄▄▄▄▄▄[38;2;100;162;54;48;2;97;159;53m▘[0m[38;2;62;101;33m▍   [0m
   [7m[38;2;0;37;58m▊[0m[38;2;0;62;98;48;2;0;74;116m▏[38;2;0;73;116;48;2;0;75;116m▃▃▃▃[48;2;0;74;116m▂[38;2;1;71;107;48;2;0;73;114m▝[38;2;71;142;78;48;2;12;81;101m▝[38;2;55;113;62;48;2;55;94;32m▎[38;2;57;96;32;48;2;57;95;32m▁▁▁▁▁▁▁[38;2;57;95;32;48;2;56;95;31m┈[0m[7m[38;2;50;84;28m▝[0m     [7m[38;2;54;90;30m▊[0m[38;2;95;157;53;48;2;97;159;54m▆[38;2;94;156;53;48;2;96;158;53m▃[38;2;95;157;53;48;2;97;159;54m▆▆▆▆▆[38;2;93;155;52;48;2;95;157;53m▃[0m[38;2;61;102;33m▍   [0m
   [7m[38;2;0;36;58m▊[0m[38;2;0;73;114;48;2;0;71;112m┊[48;2;0;72;114m┉┉┉┉┉┉[38;2;0;70;110m▝[0m[38;2;0;41;65m▎[7m[38;2;52;89;29m▖[0m[38;2;55;94;31;48;2;56;96;31m▆[38;2;55;95;31m▇▇▇▇▇▇▇[0m[7m[38;2;55;93;30m▝[0m[38;2;39;67;21m▖   [7m[38;2;52;88;30m▊[0m[38;2;91;153;52;48;2;92;155;53m▄[38;2;91;154;53;48;2;93;155;53m▅▅▅▅▅▅[38;2;92;155;53;48;2;90;152;52m▘[0m[38;2;60;103;34m▍   [0m
   [7m[38;2;0;36;58m▊[0m[38;2;0;67;109;48;2;0;69;112m▖[38;2;0;71;114;48;2;0;70;113m┈[38;2;0;70;113;48;2;0;71;114m▂[38;2;0;71;114;48;2;0;70;113m┈┈[38;2;0;70;113;48;2;0;71;114m▂▃[38;2;0;71;114;48;2;0;70;113m┈[0m[38;2;0;40;66m▎[0m [7m[38;2;40;70;23m▖[0m[38;2;53;93;32;48;2;53;92;31m┈[48;2;54;94;31m▆▆▆▆▆▆▆[48;2;50;88;29m▃[0m[38;2;50;87;29m▖  [7m[38;2;48;83;28m▊[0m[38;2;85;147;50;48;2;88;151;52m▎[38;2;87;150;52;48;2;89;152;53m▃▃▃▃▃▃[38;2;89;152;53;48;2;87;149;52m▘[0m[38;2;61;105;35m▍   [0m
   [7m[38;2;0;34;57m▊[0m[38;2;0;69;113;48;2;0;66;110m▝[38;2;0;68;113;48;2;0;69;113m▄[38;2;0;68;114m▄▄[38;2;0;68;113m▄▄[38;2;0;68;114m▄▄[0m[38;2;0;40;66m▎  [38;2;47;84;28m▝[48;2;53;94;32m▅[38;2;52;93;32;48;2;54;94;32m▆▆▆▆▆▆▆[48;2;52;93;31m▃[0m[7m[38;2;43;76;26m▝[0m [7m[38;2;44;78;27m▊[0m[38;2;80;140;48;48;2;84;148;51m▎[38;2;84;147;52;48;2;86;149;52m▅▅▅▅▅▅[38;2;83;146;51;48;2;85;148;51m▄[0m[38;2;60;105;36m▍   [0m
   [7m[38;2;0;33;57m▊[0m[38;2;0;67;113;48;2;0;65;109m▝[38;2;0;66;112;48;2;0;67;113m▃▃▃▃▃▃▃[0m[38;2;0;38;65m▎   [38;2;30;56;18m▝[7m[38;2;48;90;30m▖[38;2;50;92;32m        [38;2;48;89;31m▝[38;2;41;75;26m▊[0m[38;2;82;145;51;48;2;78;141;49m▝[38;2;80;144;51;48;2;82;145;51m▃▃▃▃▃▃[38;2;82;145;51;48;2;80;143;50m▘[0m[38;2;58;105;36m▍   [0m
   [7m[38;2;0;32;56m▊[0m[38;2;0;63;109;48;2;0;64;109m▄[48;2;0;65;111m       [0m[38;2;0;37;64m▎    [0m [7m[38;2;40;76;26m▖[0m[38;2;49;92;32;48;2;48;91;31m┈[38;2;47;91;32;48;2;49;92;32m▂▂▂▂▂▂▂[38;2;47;90;31;48;2;65;122;43m▊[38;2;83;156;56;48;2;79;145;51m▖[38;2;77;141;50;48;2;79;143;51m▆[38;2;76;140;50;48;2;78;142;50m▃[38;2;77;141;50;48;2;79;143;51m▆▆[38;2;76;140;50;48;2;78;142;50m▃[38;2;77;141;50;48;2;79;143;51m▆[38;2;76;140;50;48;2;78;141;50m▃[0m[38;2;57;105;37m▍   [0m
   [7m[38;2;0;31;56m▊[0m[38;2;0;63;111;48;2;0;61;108m╵[38;2;0;63;110;48;2;0;64;111m▇▇▇▇▇▇▇[0m[38;2;0;36;64m▎      [38;2;44;85;30m▝[38;2;47;90;32;48;2;45;86;30m┊[48;2;47;91;32m▆▆▆▆▆▆[48;2;64;124;44m▊[38;2;79;153;55;48;2;82;157;57m▎[38;2;75;140;50;48;2;80;153;56m▝[38;2;73;137;50;48;2;74;139;50m┯[48;2;75;139;50m▅▅▅▅[38;2;74;138;50;48;2;73;137;49m▘[0m[38;2;56;105;37m▍   [0m
   [7m[38;2;0;30;55m▊[0m[38;2;0;60;109;48;2;0;59;106m┋[48;2;0;61;110m▇▇▇▇▇▇▇[0m[38;2;0;34;63m▎       [38;2;32;63;22m▝[7m[38;2;44;89;32m▖[0m[38;2;45;90;33;48;2;46;91;33m▆▆▆▆▆[48;2;61;121;44m▊[38;2;75;148;54;48;2;79;155;57m▎[38;2;78;155;57;48;2;80;156;57m▄[38;2;74;143;52;48;2;78;154;57m▝[38;2;74;145;53;48;2;71;135;50m▖[38;2;70;134;49;48;2;72;136;50m▆▆▆[38;2;69;133;49;48;2;71;135;49m▄[0m[38;2;55;106;38m▍   [0m
    [38;2;0;49;92;48;2;0;57;106m▄[38;2;0;57;108;48;2;0;59;109m▄▄▄▄▄▄▄[0m[38;2;0;33;63m▎        [0m [7m[38;2;38;78;28m▖[38;2;44;89;33m [0m[38;2;44;89;33;48;2;45;90;33m▇▇▇[48;2;58;119;43m▊[38;2;71;145;53;48;2;75;152;56m▎[38;2;75;152;57;48;2;76;154;57m▅▅[38;2;73;147;54;48;2;75;152;57m▝[38;2;73;149;55;48;2;68;135;50m▖[38;2;66;131;49;48;2;68;132;49m▅▅[38;2;57;114;42;48;2;67;132;48m▃[0m[38;2;40;80;29m▍   [0m
     [7m[38;2;0;48;92m▄[0m[38;2;0;48;92;48;2;0;57;107m▄[38;2;0;56;107;48;2;0;57;108m▅▅▅▅▅[0m[38;2;0;32;62m▎         [0m [7m[38;2;32;68;25m▄[0m[38;2;42;88;33;48;2;41;86;32m┊[38;2;41;88;33;48;2;43;89;34m▄▄[38;2;42;88;33;48;2;55;116;43m▊[38;2;73;151;58;48;2;70;146;55m▝[38;2;71;149;57;48;2;73;151;57m▄[48;2;73;151;58m▄▄[48;2;73;150;57m▃[38;2;70;148;56;48;2;63;130;48m▖[0m[7m[38;2;58;117;43m▄[0m     [0m
       [7m[38;2;0;47;92m▄[0m[38;2;0;46;91;48;2;0;54;107m▄[38;2;0;54;106;48;2;0;55;108m▆▆▆[0m[38;2;0;31;62m▎           [38;2;32;70;26m▝[38;2;24;54;20;48;2;40;87;33m▖[38;2;40;87;33;48;2;41;88;33m▆[48;2;52;113;42m▊[38;2;64;138;53;48;2;68;147;56m▎[38;2;68;147;57;48;2;70;148;57m▅▅[38;2;61;133;51;48;2;69;147;57m▃[0m[7m[38;2;59;126;48m▃[0m       [0m
         [7m[38;2;0;45;91m▄[0m[38;2;0;45;93;48;2;0;52;105m▅[38;2;0;51;104;48;2;0;53;106m▆[0m[38;2;0;29;61m▎            [0m [7m[38;2;35;79;30m▖[0m[38;2;38;85;33;48;2;49;110;43m▊[38;2;60;135;52;48;2;65;144;56m▎[38;2;58;131;51;48;2;66;145;56m▃[0m[7m[38;2;56;124;48m▃[0m[38;2;29;65;24m▘        [0m
           [7m[38;2;0;43;91m▄[0m               [7m[38;2;28;66;25m▖[38;2;53;121;47m▃[38;2;28;64;24m▆[0m          [0m
